alpha	u	rate	minc
0.6	0.0	0.0	0.35089488200668645
0.6	1.5	0.0	0.35089488200668645
0.6	3.0	0.0	0.35089488200668645
0.6	4.5	0.0	0.35089488200668645
0.6	6.0	0.522619047619048	0.332179506187952
0.6	7.5	1.0	0.32549411632425096
0.6	9.0	1.0	0.32549411632425096
0.6	10.5	1.0	0.32549411632425096
0.6	12.0	1.0	0.32549411632425096
0.6	13.5	1.0	0.32549411632425096
0.6	15.0	1.0	0.32549411632425096
0.6	16.5	1.0	0.32549411632425096
0.6	18.0	1.0	0.32549411632425096
0.6	19.5	1.0	0.32549411632425096
0.6	21.0	1.0	0.32549411632425096
0.6	22.5	1.0	0.32549411632425096
0.6	24.0	1.0	0.32549411632425096
0.6	25.5	1.0	0.32549411632425096
0.6	27.0	1.0	0.32549411632425096
0.6	28.5	1.0	0.32549411632425096
0.6	30.0	1.0	0.32549411632425096
0.6	31.5	1.0	0.32549411632425096
0.6	33.0	1.0	0.32549411632425096
0.6	34.5	1.0	0.32549411632425096
0.6	36.0	1.0	0.32549411632425096
0.6	37.5	1.0	0.32549411632425096
0.6	39.0	1.0	0.32549411632425096
0.6	40.5	1.0	0.32549411632425096
0.6	42.0	1.0	0.32549411632425096
0.6	43.5	1.0	0.32549411632425096
0.6	45.0	1.0	0.32549411632425096
0.6	46.5	1.0	0.32549411632425096
0.6	48.0	1.0	0.32549411632425096
0.6	49.5	1.0	0.32549411632425096
0.6	51.0	1.0	0.32549411632425096
0.6	52.5	1.0	0.32549411632425096
0.6	54.0	1.0	0.32549411632425096
0.6	55.5	1.0	0.32549411632425096
0.6	57.0	1.0	0.32549411632425096
0.6	58.5	1.0	0.32549411632425096
0.6	60.0	1.0	0.32549411632425096
0.66	0.0	0.0	0.3753170813183293
0.66	1.5	0.0	0.3753170813183293
0.66	3.0	0.0	0.3753170813183293
0.66	4.5	0.0	0.3753170813183293
0.66	6.0	0.522619047619048	0.3547159824573267
0.66	7.5	1.0	0.341942263573118
0.66	9.0	1.0	0.341942263573118
0.66	10.5	1.0	0.341942263573118
0.66	12.0	1.0	0.341942263573118
0.66	13.5	1.0	0.341942263573118
0.66	15.0	1.0	0.341942263573118
0.66	16.5	1.0	0.341942263573118
0.66	18.0	1.0	0.341942263573118
0.66	19.5	1.0	0.341942263573118
0.66	21.0	1.0	0.341942263573118
0.66	22.5	1.0	0.341942263573118
0.66	24.0	1.0	0.341942263573118
0.66	25.5	1.0	0.341942263573118
0.66	27.0	1.0	0.341942263573118
0.66	28.5	1.0	0.341942263573118
0.66	30.0	1.0	0.341942263573118
0.66	31.5	1.0	0.341942263573118
0.66	33.0	1.0	0.341942263573118
0.66	34.5	1.0	0.341942263573118
0.66	36.0	1.0	0.341942263573118
0.66	37.5	1.0	0.341942263573118
0.66	39.0	1.0	0.341942263573118
0.66	40.5	1.0	0.341942263573118
0.66	42.0	1.0	0.341942263573118
0.66	43.5	1.0	0.341942263573118
0.66	45.0	1.0	0.341942263573118
0.66	46.5	1.0	0.341942263573118
0.66	48.0	1.0	0.341942263573118
0.66	49.5	1.0	0.341942263573118
0.66	51.0	1.0	0.341942263573118
0.66	52.5	1.0	0.341942263573118
0.66	54.0	1.0	0.341942263573118
0.66	55.5	1.0	0.341942263573118
0.66	57.0	1.0	0.341942263573118
0.66	58.5	1.0	0.341942263573118
0.66	60.0	1.0	0.341942263573118
0.72	0.0	0.0	0.40209813510909326
0.72	1.5	0.0	0.40209813510909326
0.72	3.0	0.0	0.40209813510909326
0.72	4.5	0.0	0.40209813510909326
0.72	6.0	0.5465393794749405	0.37852313973624613
0.72	7.5	1.0	0.36568924302340833
0.72	9.0	1.0	0.36568924302340833
0.72	10.5	1.0	0.36568924302340833
0.72	12.0	1.0	0.36568924302340833
0.72	13.5	1.0	0.36568924302340833
0.72	15.0	1.0	0.36568924302340833
0.72	16.5	1.0	0.36568924302340833
0.72	18.0	1.0	0.36568924302340833
0.72	19.5	1.0	0.36568924302340833
0.72	21.0	1.0	0.36568924302340833
0.72	22.5	1.0	0.36568924302340833
0.72	24.0	1.0	0.36568924302340833
0.72	25.5	1.0	0.36568924302340833
0.72	27.0	1.0	0.36568924302340833
0.72	28.5	1.0	0.36568924302340833
0.72	30.0	1.0	0.36568924302340833
0.72	31.5	1.0	0.36568924302340833
0.72	33.0	1.0	0.36568924302340833
0.72	34.5	1.0	0.36568924302340833
0.72	36.0	1.0	0.36568924302340833
0.72	37.5	1.0	0.36568924302340833
0.72	39.0	1.0	0.36568924302340833
0.72	40.5	1.0	0.36568924302340833
0.72	42.0	1.0	0.36568924302340833
0.72	43.5	1.0	0.36568924302340833
0.72	45.0	1.0	0.36568924302340833
0.72	46.5	1.0	0.36568924302340833
0.72	48.0	1.0	0.36568924302340833
0.72	49.5	1.0	0.36568924302340833
0.72	51.0	1.0	0.36568924302340833
0.72	52.5	1.0	0.36568924302340833
0.72	54.0	1.0	0.36568924302340833
0.72	55.5	1.0	0.36568924302340833
0.72	57.0	1.0	0.36568924302340833
0.72	58.5	1.0	0.36568924302340833
0.72	60.0	1.0	0.36568924302340833
0.765	0.0	0.0	0.41575651936910374
0.765	1.5	0.0	0.41575651936910374
0.765	3.0	0.0	0.41575651936910374
0.765	4.5	0.0	0.41575651936910374
0.765	6.0	0.7790697674418605	0.39433179397408735
0.765	7.5	1.0	0.3874521779329134
0.765	9.0	1.0	0.3874521779329134
0.765	10.5	1.0	0.3874521779329134
0.765	12.0	1.0	0.3874521779329134
0.765	13.5	1.0	0.3874521779329134
0.765	15.0	1.0	0.3874521779329134
0.765	16.5	1.0	0.3874521779329134
0.765	18.0	1.0	0.3874521779329134
0.765	19.5	1.0	0.3874521779329134
0.765	21.0	1.0	0.3874521779329134
0.765	22.5	1.0	0.3874521779329134
0.765	24.0	1.0	0.3874521779329134
0.765	25.5	1.0	0.3874521779329134
0.765	27.0	1.0	0.3874521779329134
0.765	28.5	1.0	0.3874521779329134
0.765	30.0	1.0	0.3874521779329134
0.765	31.5	1.0	0.3874521779329134
0.765	33.0	1.0	0.3874521779329134
0.765	34.5	1.0	0.3874521779329134
0.765	36.0	1.0	0.3874521779329134
0.765	37.5	1.0	0.3874521779329134
0.765	39.0	1.0	0.3874521779329134
0.765	40.5	1.0	0.3874521779329134
0.765	42.0	1.0	0.3874521779329134
0.765	43.5	1.0	0.3874521779329134
0.765	45.0	1.0	0.3874521779329134
0.765	46.5	1.0	0.3874521779329134
0.765	48.0	1.0	0.3874521779329134
0.765	49.5	1.0	0.3874521779329134
0.765	51.0	1.0	0.3874521779329134
0.765	52.5	1.0	0.3874521779329134
0.765	54.0	1.0	0.3874521779329134
0.765	55.5	1.0	0.3874521779329134
0.765	57.0	1.0	0.3874521779329134
0.765	58.5	1.0	0.3874521779329134
0.765	60.0	1.0	0.3874521779329134
0.838	0.0	0.0	0.4476498320574422
0.838	1.5	0.0	0.4476498320574422
0.838	3.0	0.0	0.4476498320574422
0.838	4.5	0.02173913043478256	0.4465644593095054
0.838	6.0	1.0	0.41169918640624104
0.838	7.5	1.0	0.41169918640624104
0.838	9.0	1.0	0.41169918640624104
0.838	10.5	1.0	0.41169918640624104
0.838	12.0	1.0	0.41169918640624104
0.838	13.5	1.0	0.41169918640624104
0.838	15.0	1.0	0.41169918640624104
0.838	16.5	1.0	0.41169918640624104
0.838	18.0	1.0	0.41169918640624104
0.838	19.5	1.0	0.41169918640624104
0.838	21.0	1.0	0.41169918640624104
0.838	22.5	1.0	0.41169918640624104
0.838	24.0	1.0	0.41169918640624104
0.838	25.5	1.0	0.41169918640624104
0.838	27.0	1.0	0.41169918640624104
0.838	28.5	1.0	0.41169918640624104
0.838	30.0	1.0	0.41169918640624104
0.838	31.5	1.0	0.41169918640624104
0.838	33.0	1.0	0.41169918640624104
0.838	34.5	1.0	0.41169918640624104
0.838	36.0	1.0	0.41169918640624104
0.838	37.5	1.0	0.41169918640624104
0.838	39.0	1.0	0.41169918640624104
0.838	40.5	1.0	0.41169918640624104
0.838	42.0	1.0	0.41169918640624104
0.838	43.5	1.0	0.41169918640624104
0.838	45.0	1.0	0.41169918640624104
0.838	46.5	1.0	0.41169918640624104
0.838	48.0	1.0	0.41169918640624104
0.838	49.5	1.0	0.41169918640624104
0.838	51.0	1.0	0.41169918640624104
0.838	52.5	1.0	0.41169918640624104
0.838	54.0	1.0	0.41169918640624104
0.838	55.5	1.0	0.41169918640624104
0.838	57.0	1.0	0.41169918640624104
0.838	58.5	1.0	0.41169918640624104
0.838	60.0	1.0	0.41169918640624104
0.911	0.0	0.0	0.4839920657166977
0.911	1.5	0.0	0.4839920657166977
0.911	3.0	0.0	0.4839920657166977
0.911	4.5	0.2319902319902318	0.465226910223992
0.911	6.0	1.0	0.4377989233790037
0.911	7.5	1.0	0.4377989233790037
0.911	9.0	1.0	0.4377989233790037
0.911	10.5	1.0	0.4377989233790037
0.911	12.0	1.0	0.4377989233790037
0.911	13.5	1.0	0.4377989233790037
0.911	15.0	1.0	0.4377989233790037
0.911	16.5	1.0	0.4377989233790037
0.911	18.0	1.0	0.4377989233790037
0.911	19.5	1.0	0.4377989233790037
0.911	21.0	1.0	0.4377989233790037
0.911	22.5	1.0	0.4377989233790037
0.911	24.0	1.0	0.4377989233790037
0.911	25.5	1.0	0.4377989233790037
0.911	27.0	1.0	0.4377989233790037
0.911	28.5	1.0	0.4377989233790037
0.911	30.0	1.0	0.4377989233790037
0.911	31.5	1.0	0.4377989233790037
0.911	33.0	1.0	0.4377989233790037
0.911	34.5	1.0	0.4377989233790037
0.911	36.0	1.0	0.4377989233790037
0.911	37.5	1.0	0.4377989233790037
0.911	39.0	1.0	0.4377989233790037
0.911	40.5	1.0	0.4377989233790037
0.911	42.0	1.0	0.4377989233790037
0.911	43.5	1.0	0.4377989233790037
0.911	45.0	1.0	0.4377989233790037
0.911	46.5	1.0	0.4377989233790037
0.911	48.0	1.0	0.4377989233790037
0.911	49.5	1.0	0.4377989233790037
0.911	51.0	1.0	0.4377989233790037
0.911	52.5	1.0	0.4377989233790037
0.911	54.0	1.0	0.4377989233790037
0.911	55.5	1.0	0.4377989233790037
0.911	57.0	1.0	0.4377989233790037
0.911	58.5	1.0	0.4377989233790037
0.911	60.0	1.0	0.4377989233790037
