country	year	gini_obs	alpha_low	Q_steady	Q_impact	r_low	r_high	enj_gap	gini_model
United States	1963	36.7	0.7721	0.3802	0.3802	0.2764	0.484	0.07788	0.1267
United States	1964	37.4	0.7576	0.3448	0.3772	0.239	0.4506	0.07018	0.1285
United States	1965	36.8	0.77	0.3774	0.3773	0.2731	0.4816	0.07741	0.127
United States	1966	37.1	0.7638	0.3685	0.376	0.2629	0.474	0.07592	0.1277
United States	1967	36.9	0.7679	0.3746	0.3758	0.2699	0.4792	0.07694	0.1272
United States	1968	36.3	0.7804	0.3921	0.3781	0.29	0.4941	0.07983	0.1257
United States	1969	36.0	0.7866	0.4062	0.3815	0.3058	0.5065	0.08235	0.1249
United States	1970	36.6	0.7742	0.3831	0.3817	0.2797	0.4865	0.07835	0.1265
United States	1971	36.9	0.7679	0.3746	0.3806	0.2699	0.4792	0.07694	0.1272
United States	1972	36.7	0.7721	0.3802	0.3806	0.2764	0.484	0.07788	0.1267
United States	1973	36.1	0.7845	0.3985	0.3831	0.2974	0.4996	0.08089	0.1252
United States	1974	35.5	0.797	0.434	0.388	0.3334	0.5346	0.08964	0.1236
United States	1975	35.7	0.7928	0.4237	0.3913	0.323	0.5244	0.08704	0.1241
United States	1976	35.6	0.7949	0.4295	0.3947	0.3287	0.5304	0.08861	0.1239
United States	1977	35.5	0.797	0.434	0.3982	0.3334	0.5346	0.08964	0.1236
United States	1978	34.8	0.8115	0.4534	0.4115	0.357	0.5497	0.09179	0.122
United States	1979	34.8	0.8115	0.4534	0.4211	0.357	0.5497	0.09179	0.122
United States	1980	34.7	0.8136	0.4562	0.4302	0.3604	0.5519	0.09208	0.1217
United States	1981	35.5	0.797	0.434	0.431	0.3334	0.5346	0.08964	0.1236
United States	1982	36.7	0.7721	0.3802	0.4212	0.2764	0.484	0.07788	0.1267
United States	1983	37.3	0.7596	0.3606	0.4077	0.2539	0.4673	0.07458	0.1282
United States	1984	37.3	0.7596	0.3606	0.3959	0.2539	0.4673	0.07458	0.1282
United States	1985	37.6	0.7534	0.327	0.3894	0.2217	0.4322	0.06556	0.129
United States	1986	37.6	0.7534	0.327	0.3839	0.2217	0.4322	0.06556	0.129
United States	1987	37.2	0.7617	0.3647	0.3812	0.2585	0.4708	0.07528	0.128
United States	1988	37.7	0.7514	0.323	0.3768	0.2176	0.4284	0.06467	0.1292
United States	1989	38.2	0.741	0.2999	0.3711	0.1936	0.4062	0.05961	0.1304
United States	1990	38.3	0.7389	0.2951	0.364	0.1885	0.4018	0.05864	0.1306
United States	1991	38.0	0.7451	0.3106	0.3589	0.2049	0.4163	0.06186	0.1299
United States	1992	38.4	0.7368	0.2905	0.3317	0.1836	0.3975	0.0577	0.1309
United States	1993	40.4	0.6954	0.2477	0.3138	0.1432	0.3523	0.04699	0.1362
United States	1994	40.0	0.7037	0.2487	0.2979	0.1441	0.3533	0.04723	0.1351
United States	1995	39.9	0.7057	0.2489	0.2865	0.1443	0.3536	0.04729	0.1348
United States	1996	40.3	0.6974	0.248	0.2664	0.1434	0.3525	0.04705	0.1359
United States	1997	40.5	0.6933	0.2475	0.2567	0.143	0.352	0.04693	0.1365
United States	1998	40.0	0.7037	0.2487	0.252	0.1441	0.3533	0.04723	0.1351
United States	1999	40.0	0.7037	0.2487	0.2504	0.1441	0.3533	0.04723	0.1351
United States	2000	40.1	0.7016	0.2485	0.2501	0.1439	0.3531	0.04717	0.1353
United States	2001	40.6	0.6912	0.2473	0.2497	0.1428	0.3518	0.04688	0.1368
United States	2002	40.4	0.6954	0.2477	0.2494	0.1432	0.3523	0.04699	0.1362
United States	2003	40.8	0.6871	0.2468	0.249	0.1423	0.3513	0.04676	0.1374
United States	2004	40.5	0.6933	0.2475	0.2488	0.143	0.352	0.04693	0.1365
United States	2005	41.3	0.6767	0.2456	0.2483	0.1412	0.35	0.04647	0.1389
United States	2006	41.7	0.6684	0.2447	0.2477	0.1403	0.349	0.04624	0.1401
United States	2007	41.1	0.6809	0.2461	0.2475	0.1416	0.3505	0.04658	0.1383
United States	2008	41.1	0.6809	0.2461	0.2473	0.1416	0.3505	0.04658	0.1383
United States	2009	40.9	0.685	0.2465	0.2472	0.1421	0.351	0.0467	0.1377
United States	2010	40.2	0.6995	0.2482	0.2473	0.1436	0.3528	0.04711	0.1356
United States	2011	41.2	0.6788	0.2458	0.2471	0.1414	0.3502	0.04653	0.1386
United States	2012	41.2	0.6788	0.2458	0.2469	0.1414	0.3502	0.04653	0.1386
United States	2013	40.9	0.685	0.2465	0.2469	0.1421	0.351	0.0467	0.1377
United States	2014	41.7	0.6684	0.2447	0.2465	0.1403	0.349	0.04624	0.1401
United States	2015	41.5	0.6726	0.2451	0.2463	0.1408	0.3495	0.04635	0.1395
United States	2016	41.3	0.6767	0.2456	0.2462	0.1412	0.35	0.04647	0.1389
United States	2017	41.4	0.6746	0.2454	0.2461	0.141	0.3497	0.04641	0.1392
United States	2018	41.8	0.6663	0.2444	0.2458	0.1401	0.3487	0.04618	0.1404
United States	2019	41.9	0.6643	0.2442	0.2456	0.1399	0.3485	0.04612	0.1407
United States	2020	40.0	0.7037	0.2487	0.246	0.1441	0.3533	0.04723	0.1351
United States	2021	39.7	0.7099	0.2494	0.2465	0.1448	0.3541	0.04741	0.1342
United States	2022	41.7	0.6684	0.2447	0.2463	0.1403	0.349	0.04624	0.1401
United States	2023	41.8	0.6663	0.2444	0.246	0.1401	0.3487	0.04618	0.1404
United States	2024	41.8	0.6663	0.2444	0.2457	0.1401	0.3487	0.04618	0.1404
France	1970	37.1	0.7638	0.3685	0.3685	0.2629	0.474	0.07592	0.1277
France	1975	35.9	0.7887	0.4122	0.374	0.3117	0.5127	0.08395	0.1247
France	1979	34.0	0.8281	0.4805	0.3866	0.39	0.571	0.09457	0.1201
France	1984	33.4	0.8405	0.5115	0.4045	0.4244	0.5987	0.09998	0.1187
France	1990	32.1	0.8675	0.5455	0.4359	0.469	0.6219	0.1	0.1158
France	1996	32.0	0.8695	0.5483	0.4501	0.4727	0.6239	0.10003	0.1156
France	1997	31.9	0.8716	0.5514	0.4628	0.4767	0.6261	0.10007	0.1154
France	1998	31.7	0.8758	0.5591	0.4774	0.4866	0.6316	0.10009	0.1149
France	1999	32.5	0.8592	0.5349	0.4972	0.4552	0.6145	0.10001	0.1167
France	2000	32.6	0.8571	0.5323	0.5033	0.4518	0.6128	0.10003	0.1169
France	2001	32.5	0.8592	0.5349	0.5095	0.4552	0.6145	0.10001	0.1167
France	2002	31.8	0.8737	0.5552	0.5164	0.4816	0.6288	0.10008	0.1151
France	2003	31.4	0.882	0.5718	0.5234	0.5025	0.6411	0.1005	0.1143
France	2004	30.6	0.8986	0.598	0.5325	0.5344	0.6616	0.10179	0.1129
France	2005	29.8	0.911	0.6104	0.5427	0.5515	0.6693	0.10043	0.1142
France	2006	29.7	0.911	0.6104	0.5524	0.5515	0.6693	0.10043	0.1142
France	2007	32.4	0.8612	0.5375	0.5496	0.4586	0.6163	0.09999	0.1165
France	2008	33.0	0.8488	0.522	0.5452	0.4382	0.6058	0.10006	0.1178
France	2009	32.7	0.855	0.5297	0.5428	0.4484	0.611	0.10004	0.1171
France	2010	33.7	0.8343	0.5011	0.5369	0.4127	0.5895	0.09828	0.1194
France	2011	33.3	0.8426	0.5142	0.5335	0.4279	0.6005	0.10003	0.1185
France	2012	33.1	0.8467	0.5194	0.5314	0.4347	0.604	0.10005	0.118
France	2013	32.5	0.8592	0.5349	0.5319	0.4552	0.6145	0.10001	0.1167
France	2014	32.3	0.8633	0.54	0.5331	0.462	0.6181	0.09996	0.1162
France	2015	32.7	0.855	0.5297	0.5326	0.4484	0.611	0.10004	0.1171
France	2016	31.9	0.8716	0.5514	0.5353	0.4767	0.6261	0.10007	0.1154
France	2017	31.6	0.8778	0.563	0.5387	0.4916	0.6344	0.10009	0.1147
France	2018	32.4	0.8612	0.5375	0.5385	0.4586	0.6163	0.09999	0.1165
France	2019	31.2	0.8861	0.582	0.5431	0.5146	0.6495	0.10138	0.1139
France	2020	30.7	0.8965	0.5959	0.5493	0.5316	0.6603	0.102	0.1128
France	2021	31.5	0.8799	0.5669	0.5517	0.4966	0.6371	0.1001	0.1145
France	2022	31.2	0.8861	0.582	0.5557	0.5146	0.6495	0.10138	0.1139
France	2023	31.8	0.8737	0.5552	0.5556	0.4816	0.6288	0.10008	0.1151
Germany	1991	29.3	0.911	0.6104	0.6104	0.5515	0.6693	0.10043	0.1142
Germany	1992	29.0	0.911	0.6104	0.6104	0.5515	0.6693	0.10043	0.1142
Germany	1993	28.4	0.911	0.6104	0.6104	0.5515	0.6693	0.10043	0.1142
Germany	1994	29.1	0.911	0.6104	0.6104	0.5515	0.6693	0.10043	0.1142
Germany	1995	28.7	0.911	0.6104	0.6104	0.5515	0.6693	0.10043	0.1142
Germany	1996	28.3	0.911	0.6104	0.6104	0.5515	0.6693	0.10043	0.1142
Germany	1997	28.2	0.911	0.6104	0.6104	0.5515	0.6693	0.10043	0.1142
Germany	1998	28.1	0.911	0.6104	0.6104	0.5515	0.6693	0.10043	0.1142
Germany	1999	29.0	0.911	0.6104	0.6104	0.5515	0.6693	0.10043	0.1142
Germany	2000	28.7	0.911	0.6104	0.6104	0.5515	0.6693	0.10043	0.1142
Germany	2001	29.9	0.911	0.6104	0.6104	0.5515	0.6693	0.10043	0.1142
Germany	2002	29.9	0.911	0.6104	0.6104	0.5515	0.6693	0.10043	0.1142
Germany	2003	29.9	0.911	0.6104	0.6104	0.5515	0.6693	0.10043	0.1142
Germany	2004	30.1	0.9089	0.6083	0.6101	0.5487	0.668	0.10067	0.1139
Germany	2005	31.6	0.8778	0.563	0.6052	0.4916	0.6344	0.10009	0.1147
Germany	2006	31.0	0.8903	0.5885	0.6029	0.5222	0.6548	0.10193	0.1134
Germany	2007	31.2	0.8861	0.582	0.6003	0.5146	0.6495	0.10138	0.1139
Germany	2008	30.6	0.8986	0.598	0.5999	0.5344	0.6616	0.10179	0.1129
Germany	2009	30.4	0.9027	0.6021	0.6003	0.5401	0.6641	0.10135	0.1133
Germany	2010	30.2	0.9069	0.6063	0.6012	0.5458	0.6667	0.1009	0.1137
Germany	2011	30.4	0.9027	0.6021	0.6013	0.5401	0.6641	0.10135	0.1133
Germany	2012	30.9	0.8923	0.5914	0.5999	0.5256	0.6572	0.10217	0.1132
Germany	2013	31.4	0.882	0.5718	0.5971	0.5025	0.6411	0.1005	0.1143
Germany	2014	30.8	0.8944	0.5938	0.5966	0.5287	0.659	0.10219	0.113
Germany	2015	31.4	0.882	0.5718	0.5943	0.5025	0.6411	0.1005	0.1143
Germany	2016	31.3	0.884	0.577	0.5926	0.5086	0.6454	0.10095	0.1141
Germany	2017	31.3	0.884	0.577	0.5908	0.5086	0.6454	0.10095	0.1141
Germany	2018	31.9	0.8716	0.5514	0.5865	0.4767	0.6261	0.10007	0.1154
Germany	2019	32.2	0.8654	0.5427	0.5801	0.4655	0.6199	0.09997	0.116
Germany	2020	32.5	0.8592	0.5349	0.5704	0.4552	0.6145	0.10001	0.1167
Germany	2021	33.6	0.8364	0.5045	0.5571	0.4165	0.5925	0.09889	0.1192
Germany	2022	33.7	0.8343	0.5011	0.547	0.4127	0.5895	0.09828	0.1194
Italy	1977	34.0	0.8281	0.4805	0.4805	0.39	0.571	0.09457	0.1201
Italy	1978	33.3	0.8426	0.5142	0.4935	0.4279	0.6005	0.10003	0.1185
Italy	1979	33.3	0.8426	0.5142	0.4976	0.4279	0.6005	0.10003	0.1185
Italy	1980	32.9	0.8509	0.5245	0.5021	0.4416	0.6075	0.10006	0.1176
Italy	1981	31.6	0.8778	0.563	0.5127	0.4916	0.6344	0.10009	0.1147
Italy	1982	29.2	0.911	0.6104	0.5257	0.5515	0.6693	0.10043	0.1142
Italy	1983	29.8	0.911	0.6104	0.5368	0.5515	0.6693	0.10043	0.1142
Italy	1984	31.3	0.884	0.577	0.5412	0.5086	0.6454	0.10095	0.1141
Italy	1986	31.2	0.8861	0.582	0.5455	0.5146	0.6495	0.10138	0.1139
Italy	1987	34.2	0.8239	0.4704	0.5371	0.3777	0.563	0.09353	0.1205
Italy	1989	32.1	0.8675	0.5455	0.5383	0.469	0.6219	0.1	0.1158
Italy	1991	31.1	0.8882	0.5856	0.5433	0.5188	0.6525	0.10169	0.1136
Italy	1993	35.1	0.8053	0.445	0.5319	0.3468	0.5433	0.09089	0.1227
Italy	1995	35.2	0.8032	0.4423	0.5219	0.3435	0.5411	0.09059	0.1229
Italy	1998	36.7	0.7721	0.3802	0.5059	0.2764	0.484	0.07788	0.1267
Italy	2000	35.2	0.8032	0.4423	0.4976	0.3435	0.5411	0.09059	0.1229
Italy	2002	34.7	0.8136	0.4562	0.4881	0.3604	0.5519	0.09208	0.1217
Italy	2003	34.9	0.8094	0.4506	0.4755	0.3536	0.5476	0.09149	0.1222
Italy	2004	34.3	0.8218	0.4675	0.4737	0.3742	0.5607	0.09324	0.1208
Italy	2005	33.8	0.8322	0.4978	0.4763	0.409	0.5865	0.09768	0.1196
Italy	2006	33.7	0.8343	0.5011	0.4795	0.4127	0.5895	0.09828	0.1194
Italy	2007	32.9	0.8509	0.5245	0.4962	0.4416	0.6075	0.10006	0.1176
Italy	2008	33.8	0.8322	0.4978	0.4964	0.409	0.5865	0.09768	0.1196
Italy	2009	33.8	0.8322	0.4978	0.4966	0.409	0.5865	0.09768	0.1196
Italy	2010	34.7	0.8136	0.4562	0.485	0.3604	0.5519	0.09208	0.1217
Italy	2011	35.1	0.8053	0.445	0.4727	0.3468	0.5433	0.09089	0.1227
Italy	2012	35.2	0.8032	0.4423	0.4676	0.3435	0.5411	0.09059	0.1229
Italy	2013	34.9	0.8094	0.4506	0.4651	0.3536	0.5476	0.09149	0.1222
Italy	2014	34.7	0.8136	0.4562	0.4637	0.3604	0.5519	0.09208	0.1217
Italy	2015	35.4	0.799	0.4368	0.4596	0.3368	0.5368	0.08997	0.1234
Italy	2016	35.2	0.8032	0.4423	0.457	0.3435	0.5411	0.09059	0.1229
Italy	2017	35.9	0.7887	0.4122	0.4518	0.3117	0.5127	0.08395	0.1247
Italy	2018	35.2	0.8032	0.4423	0.4504	0.3435	0.5411	0.09059	0.1229
Italy	2019	34.6	0.8156	0.459	0.4517	0.3638	0.5541	0.09237	0.1215
Italy	2020	35.2	0.8032	0.4423	0.4503	0.3435	0.5411	0.09059	0.1229
Italy	2021	34.8	0.8115	0.4534	0.4507	0.357	0.5497	0.09179	0.122
Italy	2022	33.7	0.8343	0.5011	0.4557	0.4127	0.5895	0.09828	0.1194
Italy	2023	34.3	0.8218	0.4675	0.4575	0.3742	0.5607	0.09324	0.1208
China	1981	28.2	0.911	0.6104	0.6104	0.5515	0.6693	0.10043	0.1142
China	1984	27.1	0.911	0.6104	0.6104	0.5515	0.6693	0.10043	0.1142
China	1987	29.4	0.911	0.6104	0.6104	0.5515	0.6693	0.10043	0.1142
China	1990	32.2	0.8654	0.5427	0.6036	0.4655	0.6199	0.09997	0.116
China	1993	33.9	0.8301	0.4929	0.5924	0.4037	0.5821	0.0968	0.1199
China	1996	35.2	0.8032	0.4423	0.5662	0.3435	0.5411	0.09059	0.1229
China	1999	38.7	0.7306	0.2706	0.5325	0.1645	0.3766	0.0527	0.1316
China	2002	42.0	0.6622	0.2439	0.48	0.1397	0.3482	0.04606	0.141
China	2005	40.9	0.685	0.2465	0.4467	0.1421	0.351	0.0467	0.1377
China	2008	43.0	0.6415	0.2437	0.3942	0.1394	0.348	0.046	0.1437
China	2010	43.7	0.627	0.2437	0.358	0.1394	0.348	0.046	0.1457
China	2011	42.4	0.6539	0.2437	0.3044	0.1394	0.348	0.046	0.1421
China	2012	42.2	0.6581	0.2437	0.269	0.1394	0.348	0.046	0.1416
China	2013	39.7	0.7099	0.2494	0.2617	0.1448	0.3541	0.04741	0.1342
China	2014	39.2	0.7203	0.251	0.26	0.1462	0.3557	0.04779	0.1328
China	2015	38.6	0.7327	0.2812	0.2616	0.1738	0.3888	0.05577	0.1313
China	2016	38.5	0.7348	0.2861	0.2637	0.1788	0.3934	0.0568	0.1311
China	2017	39.1	0.7223	0.2542	0.262	0.1492	0.3591	0.04858	0.1325
China	2018	38.5	0.7348	0.2861	0.2641	0.1788	0.3934	0.0568	0.1311
China	2019	38.2	0.741	0.2999	0.2696	0.1936	0.4062	0.05961	0.1304
China	2020	37.1	0.7638	0.3685	0.2873	0.2629	0.474	0.07592	0.1277
China	2021	35.7	0.7928	0.4237	0.3073	0.323	0.5244	0.08704	0.1241
China	2022	36.0	0.7866	0.4062	0.3211	0.3058	0.5065	0.08235	0.1249
South Africa	1993	59.3	0.6	0.2437	0.2437	0.1394	0.348	0.046	0.1494
South Africa	2000	57.8	0.6	0.2437	0.2437	0.1394	0.348	0.046	0.1494
South Africa	2005	65.0	0.6	0.2437	0.2437	0.1394	0.348	0.046	0.1494
South Africa	2008	62.5	0.6	0.2437	0.2437	0.1394	0.348	0.046	0.1494
South Africa	2010	60.9	0.6	0.2437	0.2437	0.1394	0.348	0.046	0.1494
South Africa	2014	59.6	0.6	0.2437	0.2437	0.1394	0.348	0.046	0.1494
South Africa	2022	54.1	0.6	0.2437	0.2437	0.1394	0.348	0.046	0.1494
Colombia	1980	55.1	0.6	0.2437	0.2437	0.1394	0.348	0.046	0.1494
Colombia	1988	53.1	0.6	0.2437	0.2437	0.1394	0.348	0.046	0.1494
Colombia	1989	52.8	0.6	0.2437	0.2437	0.1394	0.348	0.046	0.1494
Colombia	1991	51.3	0.6	0.2437	0.2437	0.1394	0.348	0.046	0.1494
Colombia	1992	51.3	0.6	0.2437	0.2437	0.1394	0.348	0.046	0.1494
Colombia	1996	56.8	0.6	0.2437	0.2437	0.1394	0.348	0.046	0.1494
Colombia	1999	58.5	0.6	0.2437	0.2437	0.1394	0.348	0.046	0.1494
Colombia	2000	58.4	0.6	0.2437	0.2437	0.1394	0.348	0.046	0.1494
Colombia	2001	57.3	0.6	0.2437	0.2437	0.1394	0.348	0.046	0.1494
Colombia	2002	56.0	0.6	0.2437	0.2437	0.1394	0.348	0.046	0.1494
Colombia	2003	53.6	0.6	0.2437	0.2437	0.1394	0.348	0.046	0.1494
Colombia	2004	55.0	0.6	0.2437	0.2437	0.1394	0.348	0.046	0.1494
Colombia	2005	53.9	0.6	0.2437	0.2437	0.1394	0.348	0.046	0.1494
Colombia	2008	55.0	0.6	0.2437	0.2437	0.1394	0.348	0.046	0.1494
Colombia	2009	54.1	0.6	0.2437	0.2437	0.1394	0.348	0.046	0.1494
Colombia	2010	54.4	0.6	0.2437	0.2437	0.1394	0.348	0.046	0.1494
Colombia	2011	53.3	0.6	0.2437	0.2437	0.1394	0.348	0.046	0.1494
Colombia	2012	53.6	0.6	0.2437	0.2437	0.1394	0.348	0.046	0.1494
Colombia	2013	53.5	0.6	0.2437	0.2437	0.1394	0.348	0.046	0.1494
Colombia	2014	53.6	0.6	0.2437	0.2437	0.1394	0.348	0.046	0.1494
Colombia	2015	52.0	0.6	0.2437	0.2437	0.1394	0.348	0.046	0.1494
Colombia	2016	51.7	0.6	0.2437	0.2437	0.1394	0.348	0.046	0.1494
Colombia	2017	50.9	0.6	0.2437	0.2437	0.1394	0.348	0.046	0.1494
Colombia	2018	51.6	0.6	0.2437	0.2437	0.1394	0.348	0.046	0.1494
Colombia	2019	52.5	0.6	0.2437	0.2437	0.1394	0.348	0.046	0.1494
Colombia	2020	54.4	0.6	0.2437	0.2437	0.1394	0.348	0.046	0.1494
Colombia	2021	55.1	0.6	0.2437	0.2437	0.1394	0.348	0.046	0.1494
Colombia	2022	54.8	0.6	0.2437	0.2437	0.1394	0.348	0.046	0.1494
Colombia	2023	54.6	0.6	0.2437	0.2437	0.1394	0.348	0.046	0.1494
Colombia	2024	54.4	0.6	0.2437	0.2437	0.1394	0.348	0.046	0.1494
