0.0	0.07087801399028099
0.0025	0.07223617363265913
0.005	0.0736729531983831
0.0075	0.07510973276410701
0.01	0.07654651232983098
0.0125	0.07798329189555492
0.015	0.07942007146127888
0.0175	0.0808568510270028
0.02	0.08229363059272678
0.0225	0.0837304101584507
0.025	0.08516718972417467
0.0275	0.0866039692898986
0.03	0.08804074885562255
0.0325	0.08947752842134647
0.035	0.09091430798707044
0.0375	0.09235108755279436
0.04	0.09378786711851829
0.0425	0.09527197602726203
0.045	0.09693317057930144
0.0475	0.09902550872278269
0.05	0.10123896926452663
0.0525	0.10325446994669582
0.055	0.1050801680893491
0.0575	0.10690586623200246
0.06	0.10873156437465573
0.0625	0.11055726251730907
0.065	0.11238296065996234
0.0675	0.11420865880261567
0.07	0.11603435694526895
0.0725	0.11786005508792227
0.075	0.11968575323057556
0.0775	0.12151145137322888
0.08	0.12333714951588218
0.0825	0.1251722564430223
0.085	0.12707365547299457
0.0875	0.12897505450296687
0.09	0.13087645353293925
0.0925	0.1327778525629116
0.095	0.1346792515928839
0.0975	0.13658065062285618
0.1	0.13848204965282856
0.1025	0.14038344868280084
0.105	0.14240200419329144
0.1075	0.1445550991875056
0.11	0.1466418639997067
0.1125	0.14831931348458186
0.115	0.14999676296945702
0.1175	0.15167421245433216
0.12	0.15335166193920735
0.1225	0.15502911142408246
0.125	0.15670656090895763
0.1275	0.15855410490139848
0.13	0.16065210776265412
0.1325	0.1627501106239097
0.135	0.16484811348516532
0.1375	0.16694611634642098
0.14	0.16904411920767665
0.1425	0.1711421220689322
0.145	0.17324012493018776
0.1475	0.17533812779144345
0.15	0.17743613065269906
0.1525	0.17953413351395467
0.155	0.18163213637521025
0.1575	0.18373013923646594
0.16	0.18582814209772153
0.1625	0.18807487249286226
0.165	0.1904002196247831
0.1675	0.19272556675670394
0.17	0.19505091388862467
0.1725	0.19729475741201188
0.175	0.19946661526095935
0.1775	0.20165006520172274
0.18	0.20388576704177497
0.1825	0.20612146888182709
0.185	0.20835717072187937
0.1875	0.21059287256193152
0.19	0.21282857440198366
0.1925	0.2150642762420359
0.195	0.2172999780820881
0.1975	0.21959699049938536
0.2	0.22214403176399544
0.2025	0.2244777065512948
0.205	0.22648177791724058
0.2075	0.22832812374554906
0.21	0.2301744695738575
0.2125	0.232020815402166
0.215	0.2338671612304745
0.2175	0.23571350705878294
0.22	0.2377614125487751
0.2225	0.23981515077402493
0.225	0.24186888899927472
0.2275	0.2439226272245245
0.23	0.2459763654497743
0.2325	0.24803010367502415
0.235	0.2500838419002739
0.2375	0.2521886318823016
0.24	0.2543006111105324
0.2425	0.2564125903387633
0.245	0.258524569566994
0.2475	0.2606365487952248
0.25	0.2627485280234556
0.2525	0.26486050725168647
0.255	0.2669724864799173
0.2575	0.2690844657081479
0.26	0.27119644493637884
0.2625	0.27330842416460965
0.265	0.27553111280504883
0.2675	0.2779243092336373
0.27	0.28031750566222596
0.2725	0.2827107020908145
0.275	0.28510389851940304
0.2775	0.28762036579756073
0.28	0.2902037881093869
0.2825	0.2926149130299164
0.285	0.2948377049055053
0.2875	0.29706049678109425
0.29	0.2992832886566833
0.2925	0.3015060805322723
0.295	0.3037288724078611
0.2975	0.3059516642834501
0.3	0.30817445615903916
0.3025	0.3103972480346279
0.305	0.3126200399102169
0.3075	0.3148655730666305
0.31	0.31714097110293177
0.3125	0.31930530770595594
0.315	0.32132928036269504
0.3175	0.32335325301943424
0.32	0.3253772256761735
0.3225	0.3274011983329126
0.325	0.32942517098965185
0.3275	0.33144914364639105
0.33	0.33347311630313026
0.3325	0.3356874279448743
0.335	0.3379679380066366
0.3375	0.34024844806839905
0.34	0.34269899541175813
0.3425	0.3451544143657996
0.345	0.3476098333198412
0.3475	0.35006525227388274
0.35	0.35252067122792424
0.3525	0.3549760901819658
0.355	0.35743150913600746
0.3575	0.35986649235509255
0.36	0.3619961720238304
0.3625	0.3640999210892519
0.365	0.3661131522468349
0.3675	0.36812638340441795
0.37	0.3701396145620008
0.3725	0.3721528457195838
0.375	0.37416607687716674
0.3775	0.37617930803474964
0.38	0.3781925391923327
0.3825	0.38020577034991565
0.385	0.38221900150749855
0.3875	0.38423223266508166
0.39	0.38624546382266456
0.3925	0.38825869498024757
0.395	0.39027192613783057
0.3975	0.39228515729541347
0.4	0.3943789594303679
0.4025	0.3966741625458444
0.405	0.39899113730135877
0.4075	0.4012717650511791
0.41	0.4035047442523354
0.4125	0.4057377234534915
0.415	0.40797070265464797
0.4175	0.41020368185580414
0.42	0.4124366610569603
0.4225	0.4146696402581166
0.425	0.41690261945927276
0.4275	0.41913559866042893
0.43	0.4213685778615852
0.4325	0.4236015570627414
0.435	0.42559097724612877
0.4375	0.4275268042430113
0.44	0.4294626312398939
0.4425	0.4313984582367767
0.445	0.43333428523365924
0.4475	0.4352701122305419
0.45	0.4372059392274246
0.4525	0.4391417662243071
0.455	0.44107759322119
0.4575	0.4430134202180725
0.46	0.4449492472149552
0.4625	0.4468850742118379
0.465	0.4488209012087204
0.4675	0.4507567282056031
0.47	0.45269255520248586
0.4725	0.454702435279679
0.475	0.4568546186811482
0.4775	0.45900680208261724
0.48	0.46116755125783326
0.4825	0.46346724788085514
0.485	0.4657669445038768
0.4875	0.46806664112689844
0.49	0.4703663377499202
0.4925	0.47266603437294175
0.495	0.4749559163592638
0.4975	0.47700985480148655
0.5	0.4790085598393693
0.5025	0.4810072648772522
0.505	0.4830059699151349
0.5075	0.4850046749530176
0.51	0.4870033799909006
0.5125	0.4888055246685552
0.515	0.4905316737142822
0.5175	0.4922578227600092
0.52	0.493983971805736
0.5225	0.49571012085146293
0.525	0.4974362698971899
0.5275	0.49916241894291674
0.53	0.5008885679886439
0.5325	0.5026147170343707
0.535	0.5043408660800976
0.5375	0.5060670151258245
0.54	0.5077931641715515
0.5425	0.5095459849105455
0.545	0.5113120195061494
0.5475	0.5130780541017529
0.55	0.5148440886973566
0.5525	0.516771074964633
0.555	0.5187360449438958
0.5575	0.5207010149231583
0.56	0.522665984902421
0.5625	0.5246309548816835
0.565	0.5265959248609462
0.5675	0.5285744262464074
0.57	0.5306739635957156
0.5725	0.5327735009450238
0.575	0.5348730382943319
0.5775	0.5369725756436403
0.58	0.5390721129929483
0.5825	0.5411716503422566
0.585	0.5431768894389455
0.5875	0.5450926387965951
0.59	0.547008388154245
0.5925	0.5489241375118947
0.595	0.5506343852239166
0.5975	0.5522995248019682
0.6	0.5539646643800197
0.6025	0.5556298039580714
0.605	0.557294943536123
0.6075	0.5589600831141744
0.61	0.560625222692226
0.6125	0.5622903622702776
0.615	0.5639223199130522
0.6175	0.5654991692065279
0.62	0.5670760185000032
0.6225	0.5686528677934788
0.625	0.5702297170869541
0.6275	0.5718065663804296
0.63	0.5733834156739049
0.6325	0.5749602649673804
0.635	0.576537114260856
0.6375	0.5781139635543313
0.64	0.5797762501998771
0.6425	0.581535568376599
0.645	0.5832948865533212
0.6475	0.5850542047300432
0.65	0.5868135229067651
0.6525	0.5885728410834873
0.655	0.5903321592602093
0.6575	0.5920914774369312
0.66	0.5938507956136534
0.6625	0.5956101137903753
0.665	0.5973694319670975
0.6675	0.5991287501438196
0.67	0.6008880683205415
0.6725	0.6026473864972636
0.675	0.6044594751831074
0.6775	0.6061764220853664
0.68	0.607888712892795
0.6825	0.6095923297742527
0.685	0.6110741899052778
0.6875	0.6125560500363032
0.69	0.6140379101673283
0.6925	0.6155197702983535
0.695	0.6170016304293786
0.6975	0.6184834905604039
0.7	0.6199653506914291
0.7025	0.6214472108224542
0.705	0.6229290709534794
0.7075	0.6244109310845047
0.71	0.6258927912155299
0.7125	0.627374651346555
0.715	0.6288565114775804
0.7175	0.6303383716086055
0.72	0.6318202317396306
0.7225	0.6333020918706559
0.725	0.6347839520016809
0.7275	0.6362096892571374
0.73	0.6376118012268672
0.7325	0.6390139131965971
0.735	0.6404160251663267
0.7375	0.6418181371360563
0.74	0.6432202491057861
0.7425	0.6446878033081108
0.745	0.6462563705791023
0.7475	0.647824937850094
0.75	0.6493935051210853
0.7525	0.6509620723920768
0.755	0.6525306396630686
0.7575	0.6540992069340599
0.76	0.6556677742050514
0.7625	0.657236341476043
0.765	0.6588049087470345
0.7675	0.6603734760180259
0.77	0.6619420432890175
0.7725	0.6634620163754481
0.775	0.664875582043154
0.7775	0.6662891477108597
0.78	0.6677027133785653
0.7825	0.6691162790462712
0.785	0.6703323173138629
0.7875	0.6715345257689109
0.79	0.6727367342239594
0.7925	0.6739389426790078
0.795	0.6751411511340561
0.7975	0.6763433595891044
0.8	0.6775455680441527
0.8025	0.678747776499201
0.805	0.6799499849542494
0.8075	0.6811521934092977
0.81	0.6823544018643461
0.8125	0.6835566103193944
0.815	0.6847945089991967
0.8175	0.6861045472953673
0.82	0.6874145855915376
0.8225	0.688724623887708
0.825	0.6900346621838784
0.8275	0.6913447004800487
0.83	0.6926547387762192
0.8325	0.6939647770723893
0.835	0.6952748153685597
0.8375	0.6965641776084975
0.84	0.697801466491303
0.8425	0.6990387553741089
0.845	0.7002760442569143
0.8475	0.7015133331397199
0.85	0.7027605257486266
0.8525	0.7040280748086234
0.855	0.7052956238686201
0.8575	0.7065631729286173
0.86	0.7078307219886141
0.8625	0.7090982710486111
0.865	0.7103658201086078
0.8675	0.7116724800248214
0.87	0.7130903797635737
0.8725	0.7145082795023259
0.875	0.7159261792410778
0.8775	0.7173057081385632
0.88	0.7185810870054403
0.8825	0.7198564658723173
0.885	0.7211318447391946
0.8875	0.7224072236060717
0.89	0.7236826024729488
0.8925	0.7249579813398258
0.895	0.7262333602067028
0.8975	0.7275087390735799
0.9	0.728721542104791
0.9025	0.7298041125986416
0.905	0.7308866830924923
0.9075	0.7319692535863427
0.91	0.7330518240801933
0.9125	0.7341343945740438
0.915	0.7352169650678944
0.9175	0.736299535561745
0.92	0.7373821060555955
0.9225	0.738464676549446
0.925	0.7395472470432967
0.9275	0.7406298175371471
0.93	0.7417123880309978
0.9325	0.7427949585248482
0.935	0.7438775290186987
0.9375	0.7449600995125494
0.94	0.7460426700063999
0.9425	0.7471252405002504
0.945	0.748207810994101
0.9475	0.7492903814879516
0.95	0.7503729519818021
0.9525	0.751414929882326
0.955	0.7524307726580132
0.9575	0.7534466154337005
0.96	0.7544624582093875
0.9625	0.7554783009850747
0.965	0.756494143760762
0.9675	0.7575099865364492
0.97	0.7585258293121362
0.9725	0.7595416720878234
0.975	0.7605575148635106
0.9775	0.7615733576391979
0.98	0.762589200414885
0.9825	0.7636050431905721
0.985	0.7646208859662593
0.9875	0.7656367287419465
0.99	0.7666525715176336
0.9925	0.767668414293321
0.995	0.7686648947824237
0.9975	0.7695500135820539
1.0	0.7704351323816836
