0.0	0.0761914258092479
0.0025	0.0777179104291758
0.005	0.07932301497244951
0.0075	0.08092811951572317
0.01	0.08253322405899689
0.0125	0.08413832860227057
0.015	0.08574343314554428
0.0175	0.08734853768881795
0.02	0.08895364223209168
0.0225	0.09055874677536534
0.025	0.09216385131863906
0.0275	0.09376895586191274
0.03	0.09537406040518644
0.0325	0.09697916494846011
0.035	0.09859006568042711
0.0375	0.1002030172967802
0.04	0.10181596891313328
0.0425	0.1034762498725062
0.045	0.10531361647517477
0.0475	0.1076480699857513
0.05	0.11013123444864
0.0525	0.11226743122287176
0.055	0.11407095778518034
0.0575	0.11587448434748895
0.06	0.11767801090979751
0.0625	0.11948153747210613
0.065	0.12128506403441469
0.0675	0.12308859059672331
0.07	0.12489211715903187
0.0725	0.12669564372134048
0.075	0.12849917028364904
0.0775	0.13030269684595763
0.08	0.13211317298192377
0.0825	0.13393326673781458
0.085	0.13581965259653753
0.0875	0.13770603845526053
0.09	0.13959242431398355
0.0925	0.14147881017270658
0.095	0.14336519603142955
0.0975	0.14525158189015253
0.1	0.14713796774887555
0.1025	0.1490243536075985
0.105	0.1510278959468398
0.1075	0.1531659777698046
0.11	0.15523772941075636
0.1125	0.1569001657243822
0.115	0.15856260203800804
0.1175	0.16022503835163385
0.12	0.1618874746652597
0.1225	0.1635499109788855
0.125	0.165216946534831
0.1275	0.16709109062582406
0.13	0.169260583074535
0.1325	0.17143007552324585
0.135	0.17359956797195675
0.1375	0.17576906042066767
0.14	0.17793855286937865
0.1425	0.1801080453180895
0.145	0.18227753776680033
0.1475	0.18444703021551132
0.15	0.18661652266422218
0.1525	0.18878601511293308
0.155	0.19095550756164398
0.1575	0.19312500001035493
0.16	0.19529449245906577
0.1625	0.19761271244166181
0.165	0.20000954916103794
0.1675	0.20240638588041407
0.17	0.20480322259979006
0.1725	0.2072022993590456
0.175	0.20960517327854972
0.1775	0.21201963928986978
0.18	0.2144863572004787
0.1825	0.21695307511108747
0.185	0.2194197930216964
0.1875	0.22188651093230521
0.19	0.22435322884291398
0.1925	0.2268199467535229
0.195	0.22928666466413178
0.1975	0.23182865811799028
0.2	0.23467763053298818
0.2025	0.23731323647067534
0.205	0.2395165230402515
0.2075	0.24144336131695798
0.21	0.2433701995936644
0.2125	0.24529703787037083
0.215	0.24722387614707728
0.2175	0.24915071442378367
0.22	0.25127911236217376
0.2225	0.2534133430358216
0.225	0.255549510485847
0.2275	0.25768929224417825
0.23	0.2598290740025096
0.2325	0.2619688557608409
0.235	0.26410863751917213
0.2375	0.2662994710342813
0.24	0.2684974937955937
0.2425	0.270695516556906
0.245	0.27289353931821825
0.2475	0.2750915620795305
0.25	0.2772895848408429
0.2525	0.2794876076021552
0.255	0.2816856303634675
0.2575	0.28388365312477964
0.26	0.286081675886092
0.2625	0.2882796986474043
0.265	0.29061364756569147
0.2675	0.2931569415424981
0.27	0.2957002355193049
0.2725	0.2982435294961116
0.275	0.3007868234729183
0.2775	0.30345338829929414
0.28	0.3061869081593384
0.2825	0.3087481306280861
0.285	0.31112503398550895
0.2875	0.313503015013456
0.29	0.3158809960414031
0.2925	0.31825897706935014
0.295	0.320636958097297
0.2975	0.32301493912524404
0.3	0.3253929201531911
0.3025	0.32777090118113794
0.305	0.330148882209085
0.3075	0.33254960451785665
0.31	0.33498019170651594
0.3125	0.33721611958956743
0.315	0.3392060291428529
0.3175	0.3411959386961386
0.32	0.34318584824942433
0.3225	0.3451757578027099
0.325	0.34716566735599563
0.3275	0.34915557690928134
0.33	0.35114548646256694
0.3325	0.35336908930568334
0.335	0.35567396885916613
0.3375	0.35797884841264904
0.34	0.3604537652477286
0.3425	0.36293355369349045
0.345	0.36541334213925253
0.3475	0.3678931305850146
0.35	0.3703729190307765
0.3525	0.3728545884121674
0.355	0.37533902161974275
0.3575	0.3778030190923616
0.36	0.3799617130146332
0.3625	0.3821204069369045
0.365	0.384279100859176
0.3675	0.3864377947814475
0.37	0.38859648870371877
0.3725	0.3907551826259903
0.375	0.3929138765482617
0.3775	0.395072570470533
0.38	0.39723126439280454
0.3825	0.39938995831507595
0.385	0.4015486522373473
0.3875	0.4037073461596189
0.39	0.40586604008189026
0.3925	0.4080247340041617
0.395	0.41018342792643314
0.3975	0.4123421218487045
0.4	0.41459941790731014
0.4025	0.417093679735016
0.405	0.41960971320275964
0.4075	0.42195737258927934
0.41	0.42422151753588516
0.4125	0.42648566248249076
0.415	0.42874980742909674
0.4175	0.4310139523757024
0.42	0.43327809732230815
0.4225	0.4355422422689139
0.425	0.4378063872155197
0.4275	0.4400705321621253
0.43	0.4423346771087312
0.4325	0.4445988220553368
0.435	0.44661940798417377
0.4375	0.4485905245509121
0.44	0.45056171267234
0.4425	0.45253290079376796
0.445	0.4545040889151958
0.4475	0.4564752770366237
0.45	0.4584464651580516
0.4525	0.4604176532794793
0.455	0.4623888414009074
0.4575	0.4643600295223351
0.46	0.46633121764376306
0.4625	0.46830240576519094
0.465	0.4702735938866188
0.4675	0.47224478200804665
0.47	0.4742159701294746
0.4725	0.47627807871031047
0.475	0.4785149036373695
0.4775	0.48075172856442844
0.48	0.48299711926523436
0.4825	0.4853814574138461
0.485	0.4877657955624576
0.4875	0.4901501337110692
0.49	0.4925344718596808
0.4925	0.4949188100082923
0.495	0.4972859458724711
0.4975	0.49931716573250895
0.5	0.5013483855925466
0.5025	0.5033796054525844
0.505	0.5054108253126222
0.5075	0.5074420451726598
0.51	0.5094732650326977
0.5125	0.5113079245325073
0.515	0.5130665884003892
0.5175	0.514825252268271
0.52	0.516583916136153
0.5225	0.5183425800040349
0.525	0.5201012438719167
0.5275	0.5218599077397985
0.53	0.5236185716076805
0.5325	0.5253772354755624
0.535	0.5271358993434443
0.5375	0.5288945632113262
0.54	0.530653227079208
0.5425	0.5324385626403569
0.545	0.5342372440481871
0.5475	0.5360395153483619
0.55	0.537841786648537
0.5525	0.5398416702542308
0.555	0.5418881892804814
0.5575	0.5439347083067321
0.56	0.5459812273329827
0.5625	0.5480277463592333
0.565	0.550074265385484
0.5675	0.5521343158179332
0.57	0.5543154022142294
0.5725	0.5564964886105256
0.575	0.5586775750068217
0.5775	0.560858661403118
0.58	0.5630397477994141
0.5825	0.5652208341957103
0.585	0.5672366424046711
0.5875	0.5690956003916746
0.59	0.5709545583786784
0.5925	0.572813516365682
0.595	0.5744669727070576
0.5975	0.5760753209144631
0.6	0.5776836691218684
0.6025	0.5792920173292739
0.605	0.5809003655366793
0.6075	0.5825087137440847
0.61	0.5841170619514902
0.6125	0.5857254101588956
0.615	0.587333758366301
0.6175	0.5889421065737066
0.62	0.5905504547811119
0.6225	0.5921588029885174
0.625	0.5937671511959227
0.6275	0.5953754994033282
0.63	0.5969838476107334
0.6325	0.5985921958181389
0.635	0.6002005440255445
0.6375	0.6018088922329496
0.64	0.6035221382146039
0.6425	0.6053545170041652
0.645	0.6071868957937268
0.6475	0.6090192745832883
0.65	0.6108516533728496
0.6525	0.6126840321624114
0.655	0.614516410951973
0.6575	0.6163487897415343
0.66	0.618181168531096
0.6625	0.6200135473206574
0.665	0.6218459261102189
0.6675	0.6236783048997806
0.67	0.625510683689342
0.6725	0.6273430624789035
0.675	0.6292282117775868
0.6775	0.6308948344652242
0.68	0.6325532963344769
0.6825	0.6342030842777585
0.685	0.6356311154706076
0.6875	0.637059146663457
0.69	0.6384871778563062
0.6925	0.6399152090491553
0.695	0.6413432402420045
0.6975	0.6427712714348537
0.7	0.6441993026277029
0.7025	0.645627333820552
0.705	0.6470553650134012
0.7075	0.6484833962062505
0.71	0.6499114273990996
0.7125	0.6513420374413434
0.715	0.6527732495354388
0.7175	0.6542044616295344
0.72	0.65563567372363
0.7225	0.6570668858177254
0.725	0.6584980979118209
0.7275	0.6599293100059165
0.73	0.6613605221000121
0.7325	0.6627917341941076
0.735	0.664222946288203
0.7375	0.6656541583822986
0.74	0.6670853704763942
0.7425	0.668596930853468
0.745	0.6702325124673476
0.7475	0.6718680940812275
0.75	0.6735036756951069
0.7525	0.6751392573089866
0.755	0.6767748389228663
0.7575	0.6784104205367458
0.76	0.6800460021506255
0.7625	0.6816815837645053
0.765	0.6833171653783847
0.7675	0.6849527469922643
0.77	0.6865883286061442
0.7725	0.6881387383476275
0.775	0.6895026459557483
0.7775	0.6908665535638687
0.78	0.6922304611719894
0.7825	0.69359436878011
0.785	0.6947607489881166
0.7875	0.6959132993835796
0.79	0.6970658497790428
0.7925	0.698218400174506
0.795	0.6993709505699692
0.7975	0.7005235009654325
0.8	0.7016760513608955
0.8025	0.7028286017563588
0.805	0.703981152151822
0.8075	0.705133702547285
0.81	0.7062862529427485
0.8125	0.7074388033382115
0.815	0.7086270439584288
0.8175	0.7098874241950142
0.82	0.7111478044315993
0.8225	0.7124081846681847
0.825	0.7136685649047698
0.8275	0.714928945141355
0.83	0.7161893253779403
0.8325	0.7174497056145255
0.835	0.7187100858511106
0.8375	0.719970466087696
0.84	0.7212308463242811
0.8425	0.7224912265608665
0.845	0.7237516067974515
0.8475	0.7250119870340368
0.85	0.7262822709967232
0.8525	0.7275729114104996
0.855	0.728863551824276
0.8575	0.7301541922380526
0.86	0.7314448326518291
0.8625	0.7327354730656057
0.865	0.7340261134793822
0.8675	0.7353647731922903
0.87	0.736840010286278
0.8725	0.7383152473802652
0.875	0.7397904844742526
0.8775	0.7411984683274326
0.88	0.7424239066106607
0.8825	0.7436493448938889
0.885	0.7448747831771171
0.8875	0.7461002214603452
0.89	0.7473256597435736
0.8925	0.7485510980268015
0.895	0.7497765363100296
0.8975	0.7510019745932578
0.9	0.7521648370408198
0.9025	0.7531974669510215
0.905	0.7542300968612232
0.9075	0.7552627267714247
0.91	0.7562953566816264
0.9125	0.7573279865918279
0.915	0.7583606165020295
0.9175	0.7593932464122312
0.92	0.7604258763224326
0.9225	0.7614585062326342
0.925	0.7624911361428359
0.9275	0.7635237660530374
0.93	0.7645563959632391
0.9325	0.7655890258734407
0.935	0.7666216557836423
0.9375	0.7676542856938439
0.94	0.7686869156040455
0.9425	0.7697195455142469
0.945	0.7707521754244486
0.9475	0.7717848053346502
0.95	0.7728174352448517
0.9525	0.7738500651550535
0.955	0.774882695065255
0.9575	0.7759153249754567
0.96	0.7769479548856582
0.9625	0.7779805847958599
0.965	0.7790132147060614
0.9675	0.780045844616263
0.97	0.7810784745264645
0.9725	0.7821111044366662
0.975	0.7831437343468677
0.9775	0.7841763642570694
0.98	0.7852089941672709
0.9825	0.7862416240774726
0.985	0.7872742539876743
0.9875	0.7883068838978757
0.99	0.7893395138080772
0.9925	0.7903721437182789
0.995	0.7913708370120488
0.9975	0.7921743447359546
1.0	0.7929778524598601
